0.000000  -0.001990  -0.000129  0.004256  0.001954  0.003269  0.003157  -0.000547  0.000941  0.000415  0.016813  -0.063458  0.032247  0.197796  0.027235  
0.000000  -0.000060  0.000288  0.000976  0.001088  -0.006356  0.010648  -0.013163  0.021863  0.009198  0.003741  -0.009865  0.101375  -0.148995  -0.317568  
0.000000  -0.000193  -0.000061  -0.003339  -0.001843  0.000510  -0.010078  0.022139  0.003606  0.028106  0.034496  -0.065778  -0.134711  -0.046694  -0.202293  
0.000000  0.000090  -0.001532  0.003083  0.000537  -0.000265  -0.009227  0.010974  -0.027624  0.002312  -0.031743  0.067770  0.050167  0.041407  -0.240750  
-0.000000  0.001933  0.000102  0.003515  0.000258  -0.001779  -0.008786  -0.007648  0.020868  0.044365  0.013872  -0.010484  -0.015504  0.129926  0.128104  
0.000000  0.000375  -0.000380  0.002318  0.003365  0.005788  0.005838  0.001952  0.001208  -0.002621  -0.054546  -0.017705  -0.177277  -0.260143  0.077237  
0.000000  0.000648  -0.000240  -0.002593  0.003611  0.004135  0.011830  0.005965  0.012308  -0.024059  0.032615  0.060128  -0.094915  0.216248  -0.088591  
-0.000000  0.000662  0.002152  0.000524  -0.000638  -0.004542  0.010030  0.030179  -0.020028  -0.003696  -0.009896  -0.017685  0.082512  0.014675  0.126052  
0.000000  0.000082  0.000847  -0.002499  -0.005741  0.007698  0.004667  -0.015834  -0.009439  0.050052  -0.038593  0.003112  0.098873  0.046422  -0.035752  
-0.000000  -0.001140  -0.000985  0.000406  -0.007101  -0.002883  0.001022  0.011724  0.027022  -0.002698  -0.010043  0.062280  -0.039732  -0.043444  0.171558  
0.000000  0.000184  0.001469  0.000982  -0.000916  0.005851  -0.009276  -0.003001  0.003584  -0.054631  0.062026  0.019878  0.124135  -0.164999  0.019327  
-0.000000  0.000352  -0.003233  -0.002577  0.001766  -0.000985  0.003812  -0.002754  -0.012744  0.005943  0.035656  -0.029210  0.137783  -0.080804  0.182720  
-0.000000  0.000502  -0.000263  -0.000222  -0.004969  -0.004114  -0.000077  -0.020943  -0.016100  -0.066143  -0.015277  -0.042317  -0.130350  0.091838  -0.026406  
-0.000000  -0.000994  0.001366  -0.001114  0.003364  -0.004436  -0.002509  -0.017922  -0.021783  0.036931  0.036496  0.051308  -0.125124  -0.056706  0.110687  
-0.000000  -0.000450  0.000600  -0.003717  0.005265  -0.001889  -0.011053  -0.001123  0.016317  -0.023475  -0.075616  -0.007972  0.090521  0.063473  0.068441  
