-0.112834  0.060796  0.011966  0.021053  -0.061607  0.109696  -0.055480  -0.023227  -0.019000  0.037743  0.054696  -0.002130  -0.037130  0.043240  -0.027784  
0.060796  -0.263824  -0.091004  -0.113967  0.102423  0.009726  0.038250  0.061753  -0.031770  0.089023  -0.062174  0.041950  0.047150  0.076820  0.034846  
0.011966  -0.091004  -0.175234  -0.035197  0.035043  -0.046904  -0.020380  0.061723  0.030150  0.064543  0.035996  0.083370  -0.033280  0.003640  0.075566  
0.021053  -0.113967  -0.035197  -0.163910  0.058030  0.072133  -0.052294  0.035660  -0.039714  0.061930  0.012533  0.082256  0.010156  0.046976  0.004353  
-0.061607  0.102423  0.035043  0.058030  -0.093780  0.049723  -0.029354  -0.015200  -0.010424  -0.029030  0.054073  -0.016554  0.001246  -0.024134  -0.020457  
0.109696  0.009726  -0.046904  0.072133  0.049723  -0.250124  0.096850  0.019903  0.057980  -0.058527  -0.010124  0.003600  -0.013400  -0.075980  0.035446  
-0.055480  0.038250  -0.020380  -0.052294  -0.029354  0.096850  -0.173777  0.038326  0.015403  0.011096  0.073650  0.099123  -0.060527  -0.000107  0.019220  
-0.023227  0.061753  0.061723  0.035660  -0.015200  0.019903  0.038326  -0.076170  -0.008394  -0.021500  -0.013097  -0.068574  0.027276  0.014446  -0.032927  
-0.019000  -0.031770  0.030150  -0.039714  -0.010424  0.057980  0.015403  -0.008394  -0.074717  0.027426  0.022680  -0.008997  0.036353  0.031373  -0.028350  
0.037743  0.089023  0.064543  0.061930  -0.029030  -0.058527  0.011096  -0.021500  0.027426  -0.101930  -0.012077  -0.028504  0.024696  -0.052384  -0.012507  
0.054696  -0.062174  0.035996  0.012533  0.054073  -0.010124  0.073650  -0.013097  0.022680  -0.012077  -0.152024  -0.080550  0.054250  0.011120  0.011046  
-0.002130  0.041950  0.083370  0.082256  -0.016554  0.003600  0.099123  -0.068574  -0.008997  -0.028504  -0.080550  -0.138427  0.062673  -0.008657  -0.020580  
-0.037130  0.047150  -0.033280  0.010156  0.001246  -0.013400  -0.060527  0.027276  0.036353  0.024696  0.054250  0.062673  -0.122677  0.000343  0.002870  
0.043240  0.076820  0.003640  0.046976  -0.024134  -0.075980  -0.000107  0.014446  0.031373  -0.052384  0.011120  -0.008657  0.000343  -0.118737  0.052040  
-0.027784  0.034846  0.075566  0.004353  -0.020457  0.035446  0.019220  -0.032927  -0.028350  -0.012507  0.011046  -0.020580  0.002870  0.052040  -0.092784  
